Cell 10.617 10.617 10.617 90 90 90
DiffuseScatteringGrid    -9 -9 -9     1/4 1/4 1/4    72 72 72
LaueSymmetry m-3m
CalculationMethod approximate
Refine false
MaxNumberOfIterations 5

Scale 1
RefinableVariables
[
]



zerocorr=0;

UnitCell
[
  Variant[
    (p=1)
    Mn2 = Mn 1       0.5  0    0            0.01662 0.01662 0.01662  0 0 0
  ]
  Var = Variant[
    (p=0.67)
    MnCN = [
      Mn 1       0       0       0            0.01361 0.01361 0.01361  0 0 0
      C  1       0.1857  0.0000  0.0000       0.0212 0.062  0.062  0 0 0
      N  1       0.2953  0.0000  0.0000       0.025  0.06   0.06   0 0 0
      C  1      -0.1857  0.0000  0.0000       0.0212 0.062  0.062  0 0 0
      N  1      -0.2953  0.0000  0.0000       0.025  0.06   0.06   0 0 0
      C  1       0.0000  0.1857  0.0000       0.062  0.0212 0.062  0 0 0
      N  1       0.0000  0.2953  0.0000       0.06   0.025  0.06   0 0 0
      C  1       0.0000 -0.1857  0.0000       0.062  0.0212 0.062  0 0 0
      N  1       0.0000 -0.2953  0.0000       0.06   0.025  0.06   0 0 0
      C  1       0.0000  0.0000  0.1857       0.062  0.062  0.0212 0 0 0
      N  1       0.0000  0.0000  0.2953       0.06   0.06   0.025  0 0 0
      C  1       0.0000  0.0000 -0.1857       0.062  0.062  0.0212 0 0 0
      N  1       0.0000  0.0000 -0.2953       0.06   0.06   0.025  0 0 0
      ] 
	
    (p=0.33)
    Water_cage = [
        O 1         0.0000  0.0000  0.2860       0.132 0.132 0.04     0 0 0
        O 1         0.0000  0.2860  0.0000       0.132 0.04  0.132    0 0 0
        O 1         0.2860  0.0000  0.0000       0.04  0.132 0.132    0 0 0
        O 1         0.0000  0.0000 -0.2860       0.132 0.132 0.04     0 0 0
        O 1         0.0000 -0.2860  0.0000       0.132 0.04  0.132    0 0 0
        O 1        -0.2860  0.0000  0.0000       0.04  0.132 0.132    0 0 0

	O 0.5        0.15   0.15   0.15       0.095 0.095 0.095    0 0 0
        O 0.5        0.15  -0.15   0.15       0.095 0.095 0.095    0 0 0
        O 0.5       -0.15   0.15   0.15       0.095 0.095 0.095    0 0 0
        O 0.5       -0.15  -0.15   0.15       0.095 0.095 0.095    0 0 0
	O 0.5       -0.15  -0.15  -0.15       0.095 0.095 0.095    0 0 0
        O 0.5       -0.15   0.15  -0.15       0.095 0.095 0.095    0 0 0
        O 0.5        0.15  -0.15  -0.15       0.095 0.095 0.095    0 0 0
        O 0.5        0.15   0.15  -0.15       0.095 0.095 0.095    0 0 0

	]
	]

]
Modes
[
MnCN_x = TranslationalMode(MnCN,x)
MnCN_y = TranslationalMode(MnCN,y)
MnCN_z = TranslationalMode(MnCN,z)
MnCN_rz = RotationalMode(MnCN, 0,0,1, 0,0,0)
MnCN_ry = RotationalMode(MnCN, 0,1,0, 0,0,0)
Mn2_x = TranslationalMode(Mn2,x)
Mn2_y = TranslationalMode(Mn2,y)
Mn2_z = TranslationalMode(Mn2,z)
]
Correlations
[
[(0,0,0)
Multiplicity 1
SubstitutionalCorrelation(Var,Var,0.67)
]
]